110000500000004750
110000500000061390
131004200000002850
150004300000002420
157007200000031200
210000700000000080
210002300000000240
210083300000011460
210083400000033470
211000400000018320
211001500000001410
211004400000005141
211004400001111620
212001600000000170
212001600000031040
213000100000011211
213000100000017101
213000100000029190
214000100000021240
214001400000027550
215000400000011610
215001100000011950
220000500000011340
220000500000113110
220000500000114100
221000200000000350
221080200000001241
222001100000005110
222003300000021180
223005300000022220
223006200000012220
224003200000002711
224004300000004810
224005300000375720
225000200000217480
226001400000028011
227006300000001710
230004200000268200
230006100000002260
230007100000024330
231004500000003960
231004700000000250
231004700000001111
231006300000001450
232005300000021440
232006100000023190
233000200000011390
233000200000011481
233001300000011290
234005500000032130
235002300000011020
235003600000013400
236002100000002450
237006800000001290
238000700000000130
238001400000000410
238010100003338140
238031500000002830
239080500000011270
239083100000015110
240000300000023660
240002300000001111
241002100000013830
241002200000022310
241082100000001150
241082100000143280
242001200000002170
242001800000002510
242002400000016100
242002900000613350
243001800000002310
243002400000024010
243003100000053120
243003400000128410
243020300001200130
243040100000225210
243043200000029551
244000300000001610
244084500000003130
245000800000001310
245001800000020700
245005300000028410
247000500000019050
247005600000015120
249000600000052461
250005500000004060
250012600000001231
251004200000011250
251005500000005130
252013100000048620
252013400000213710
252014300000329120
252020300111455250
252023100000710180
252023900000001310
252024400000343110
252030200000631120
252031400000511190
252034400000021760
252081500000187710
252113600000001290
253006100000016222
253010600000001310
253011100000059351
257000300000116141
258001900000000820
259030400000041200
259114300000017511
260001500000002451
277005300000075320
323081300000006920
340082100000043550
